1 0.234375 0.4921875 0.009375 0.0203125
1 0.184375 0.49375 0.015625 0.0328125
1 0.4828125 0.49375 0.0046875 0.0140625
1 0.1421875 0.4953125 0.0078125 0.015625
1 0.0625 0.4953125 0.0125 0.0265625
4 0.665625 0.496875 0.0125 0.0359375
4 0.3859375 0.5015625 0.015625 0.04375
0 0.0625 0.5125 0.04375 0.0609375
0 0.484375 0.5296875 0.0171875 0.0890625
0 0.1421875 0.5296875 0.028125 0.0890625
0 0.234375 0.5359375 0.025 0.10625
0 0.1859375 0.5546875 0.04375 0.1546875
3 0.6671875 0.5828125 0.04375 0.2078125
3 0.3875 0.621875 0.05625 0.2859375