1 0.3375 0.496875 0.0046875 0.0125
1 0.5921875 0.4984375 0.00625 0.0171875
1 0.2390625 0.4984375 0.00625 0.0125
1 0.36875 0.4984375 0.00625 0.0140625
1 0.6375 0.4984375 0.00625 0.0140625
1 0.2578125 0.4984375 0.00625 0.0140625
1 0.4671875 0.4984375 0.003125 0.0109375
4 0.496875 0.5 0.0046875 0.0125
4 0.1359375 0.5 0.00625 0.0140625
4 0.5546875 0.5015625 0.0046875 0.0109375
0 0.2578125 0.5046875 0.0171875 0.0296875
0 0.3375 0.50625 0.0125 0.03125
0 0.2390625 0.50625 0.015625 0.028125
0 0.36875 0.50625 0.0140625 0.0296875
3 0.1359375 0.50625 0.0234375 0.03125
0 0.4671875 0.5171875 0.009375 0.0453125
3 0.5546875 0.5234375 0.0109375 0.05625
0 0.6375 0.525 0.015625 0.0671875
3 0.4984375 0.5265625 0.0140625 0.06875
0 0.5921875 0.53125 0.0171875 0.0828125