1 0.45625 0.4765625 0.003125 0.009375
1 0.621875 0.4765625 0.003125 0.0078125
1 0.2515625 0.4765625 0.00625 0.0140625
1 0.353125 0.4765625 0.0046875 0.0125
1 0.4703125 0.4765625 0.003125 0.00625
1 0.5109375 0.4765625 0.003125 0.0046875
4 0.60625 0.478125 0.0015625 0.0046875
1 0.590625 0.478125 0.003125 0.00625
1 0.6625 0.478125 0.003125 0.0078125
4 0.5296875 0.478125 0.0015625 0.0046875
4 0.446875 0.478125 0.003125 0.0078125
4 0.4421875 0.4796875 0.003125 0.00625
0 0.5109375 0.4796875 0.00625 0.0109375
0 0.471875 0.4796875 0.00625 0.0125
0 0.5921875 0.4796875 0.0046875 0.0125
0 0.621875 0.48125 0.0078125 0.0140625
3 0.53125 0.48125 0.00625 0.009375
3 0.60625 0.48125 0.00625 0.0109375
3 0.4421875 0.4921875 0.00625 0.0328125
0 0.6640625 0.49375 0.009375 0.040625
3 0.446875 0.4953125 0.00625 0.040625
0 0.4578125 0.4984375 0.009375 0.0515625
0 0.353125 0.5 0.0125 0.0578125
0 0.253125 0.50625 0.0203125 0.0734375