1 0.3984375 0.4984375 0.009375 0.0234375
1 0.5 0.5 0.00625 0.0171875
1 0.5421875 0.5015625 0.009375 0.025
1 0.5796875 0.5015625 0.0078125 0.01875
1 0.6671875 0.5015625 0.0046875 0.0109375
1 0.6296875 0.503125 0.003125 0.009375
4 0.625 0.503125 0.003125 0.0109375
4 0.5921875 0.503125 0.003125 0.009375
4 0.390625 0.5046875 0.01875 0.0578125
0 0.6671875 0.5125 0.0109375 0.0296875
3 0.6234375 0.5140625 0.0125 0.0296875
0 0.6296875 0.5140625 0.0078125 0.03125
3 0.590625 0.51875 0.009375 0.040625
0 0.5796875 0.521875 0.015625 0.0578125
0 0.5421875 0.53125 0.0234375 0.0890625
0 0.5015625 0.5375 0.015625 0.0921875
3 0.3921875 0.64375 0.0796875 0.3328125