1 0.5609375 0.4953125 0.0140625 0.04375
1 0.6046875 0.496875 0.00625 0.021875
1 0.1921875 0.496875 0.015625 0.0328125
1 0.6703125 0.4984375 0.00625 0.01875
4 0.4984375 0.4984375 0.00625 0.0140625
4 0.23125 0.4984375 0.00625 0.0171875
4 0.25 0.5 0.0078125 0.01875
0 0.6703125 0.5328125 0.01875 0.0859375
3 0.4984375 0.534375 0.015625 0.084375
3 0.23125 0.534375 0.021875 0.084375
0 0.60625 0.5375 0.021875 0.10625
3 0.2515625 0.5390625 0.021875 0.096875
0 0.1921875 0.5609375 0.04375 0.159375
0 0.5609375 0.5921875 0.04375 0.2359375