1 0.6296875 0.50625 0.0078125 0.01875
1 0.8078125 0.50625 0.0078125 0.015625
1 0.515625 0.5078125 0.0046875 0.0125
1 0.5890625 0.5078125 0.0046875 0.0140625
1 0.5078125 0.509375 0.003125 0.0109375
4 0.446875 0.5109375 0.003125 0.0109375
3 0.446875 0.5171875 0.0109375 0.025
0 0.515625 0.51875 0.0125 0.0328125
0 0.5078125 0.51875 0.009375 0.0296875
0 0.5890625 0.5203125 0.0140625 0.0375
0 0.63125 0.5203125 0.021875 0.0453125
0 0.8078125 0.5421875 0.0234375 0.0859375
3 0.984375 0.5984375 0.03125 0.1671875