4 0.134375 0.9671875 0.1 0.0640625
1 0.55625 0.44375 0.003125 0.0078125
1 0.59375 0.4453125 0.003125 0.0109375
4 0.521875 0.4453125 0.003125 0.009375
1 0.428125 0.4484375 0.0046875 0.0125
4 0.5578125 0.45 0.003125 0.009375
1 0.525 0.4609375 0.0078125 0.01875
0 0.59375 0.4609375 0.009375 0.0421875
1 0.434375 0.465625 0.00625 0.01875
0 0.4265625 0.4703125 0.009375 0.053125
3 0.5578125 0.475 0.0109375 0.05625
1 0.5 0.4890625 0.0125 0.034375
0 0.525 0.4984375 0.0171875 0.0953125
0 0.434375 0.5140625 0.021875 0.1140625
1 0.2671875 0.5203125 0.021875 0.0484375
0 0.5 0.559375 0.03125 0.175
0 0.26875 0.6375 0.065625 0.278125