1 0.4328125 0.475 0.084375 0.2375
1 0.5734375 0.50625 0.003125 0.009375
1 0.6859375 0.50625 0.003125 0.009375
1 0.921875 0.50625 0.0109375 0.021875
1 0.509375 0.50625 0.003125 0.0078125
1 0.53125 0.50625 0.003125 0.0078125
1 0.609375 0.50625 0.0046875 0.0109375
4 0.753125 0.509375 0.00625 0.0125
4 0.825 0.509375 0.0046875 0.015625
0 0.53125 0.5125 0.009375 0.021875
0 0.575 0.5125 0.009375 0.021875
0 0.509375 0.5125 0.0078125 0.0203125
0 0.6109375 0.5125 0.0125 0.0234375
0 0.6859375 0.5203125 0.009375 0.0359375
3 0.753125 0.534375 0.01875 0.0640625
3 0.825 0.5359375 0.021875 0.0671875
0 0.9234375 0.5484375 0.034375 0.1046875
0 0.4359375 0.6765625 0.275 0.646875