1 0.50625 0.4984375 0.00625 0.0171875
1 0.6859375 0.4984375 0.00625 0.015625
1 0.628125 0.4984375 0.009375 0.021875
1 0.596875 0.5 0.00625 0.0171875
1 0.60625 0.5 0.0046875 0.0109375
1 0.7734375 0.5 0.0046875 0.0109375
1 0.828125 0.5 0.00625 0.0140625
4 0.7140625 0.5015625 0.003125 0.009375
4 0.75625 0.5015625 0.0046875 0.0109375
4 0.4984375 0.5015625 0.0109375 0.034375
0 0.8296875 0.5109375 0.01875 0.034375
0 0.7734375 0.5109375 0.0125 0.03125
3 0.75625 0.5125 0.015625 0.0296875
3 0.715625 0.5125 0.0125 0.0296875
0 0.6859375 0.5125 0.01875 0.04375
0 0.628125 0.51875 0.025 0.059375
0 0.60625 0.5203125 0.009375 0.05
0 0.596875 0.5234375 0.015625 0.065625
0 0.5109375 0.546875 0.0125 0.1140625
3 0.5 0.5859375 0.040625 0.2015625