1 0.78125 0.4734375 0.0171875 0.0375
1 0.603125 0.4765625 0.0078125 0.01875
1 0.3765625 0.478125 0.0046875 0.0109375
1 0.5453125 0.478125 0.00625 0.0140625
1 0.2734375 0.478125 0.00625 0.0125
4 0.421875 0.48125 0.003125 0.0109375
4 0.1 0.48125 0.009375 0.0171875
4 0.565625 0.48125 0.0046875 0.0140625
0 0.2734375 0.4859375 0.015625 0.028125
0 0.3765625 0.4859375 0.0140625 0.025
3 0.421875 0.4875 0.0125 0.0234375
0 0.5453125 0.4875 0.0125 0.034375
3 0.1 0.490625 0.03125 0.0390625
3 0.565625 0.4921875 0.015625 0.0359375
0 0.603125 0.49375 0.0203125 0.0515625
0 0.784375 0.534375 0.05625 0.1578125