1 0.40625 0.4765625 0.00625 0.015625
1 0.44375 0.4765625 0.0046875 0.0125
1 0.5140625 0.4765625 0.003125 0.009375
1 0.475 0.4765625 0.0015625 0.00625
1 0.5375 0.4765625 0.0015625 0.0046875
1 0.6078125 0.4765625 0.003125 0.0046875
4 0.4890625 0.478125 0.0015625 0.00625
4 0.553125 0.478125 0.0015625 0.00625
1 0.56875 0.478125 0.003125 0.00625
4 0.4359375 0.478125 0.003125 0.00625
4 0.46875 0.478125 0.003125 0.0078125
0 0.5375 0.4796875 0.0046875 0.009375
0 0.5703125 0.4796875 0.00625 0.0109375
3 0.553125 0.4796875 0.0046875 0.009375
3 0.4890625 0.4796875 0.0046875 0.009375
0 0.6078125 0.4796875 0.00625 0.0109375
0 0.475 0.4796875 0.0046875 0.0109375
3 0.434375 0.4921875 0.00625 0.034375
3 0.46875 0.49375 0.0078125 0.0390625
0 0.5140625 0.4953125 0.009375 0.046875
0 0.4453125 0.5015625 0.0125 0.0609375
0 0.40625 0.509375 0.015625 0.0828125