1 0.6125 0.4984375 0.01875 0.0453125
1 0.28125 0.4984375 0.009375 0.0265625
1 0.6640625 0.5 0.009375 0.021875
1 0.74375 0.5015625 0.009375 0.01875
1 0.125 0.5015625 0.0125 0.025
4 0.309375 0.503125 0.00625 0.0140625
4 0.325 0.503125 0.0046875 0.0171875
4 0.546875 0.503125 0.00625 0.01875
3 0.3109375 0.5328125 0.015625 0.075
3 0.3265625 0.5359375 0.015625 0.0828125
0 0.74375 0.540625 0.0234375 0.0984375
3 0.546875 0.5421875 0.015625 0.0765625
0 0.665625 0.546875 0.025 0.115625
0 0.125 0.546875 0.0375 0.1171875
0 0.28125 0.5546875 0.03125 0.1359375
0 0.615625 0.56875 0.0484375 0.184375