1 0.134375 0.475 0.009375 0.0140625
1 0.1609375 0.475 0.0078125 0.015625
1 0.30625 0.475 0.0078125 0.015625
1 0.4171875 0.4765625 0.003125 0.009375
1 0.2671875 0.4765625 0.00625 0.0140625
1 0.5421875 0.4765625 0.00625 0.0171875
1 0.584375 0.4765625 0.0046875 0.0125
4 0.45 0.478125 0.0046875 0.0140625
4 0.50625 0.478125 0.0046875 0.0109375
0 0.2671875 0.484375 0.0171875 0.0328125
0 0.30625 0.4859375 0.01875 0.034375
0 0.159375 0.4859375 0.025 0.034375
0 0.134375 0.4859375 0.021875 0.034375
0 0.41875 0.4953125 0.009375 0.0484375
3 0.50625 0.5 0.0109375 0.0546875
0 0.584375 0.5015625 0.0125 0.0609375
3 0.45 0.50625 0.015625 0.06875
0 0.54375 0.5078125 0.0171875 0.0796875