1 0.5 0.4859375 0.01875 0.0546875
1 0.653125 0.490625 0.015625 0.0359375
1 0.6625 0.49375 0.0046875 0.0140625
1 0.5984375 0.49375 0.003125 0.0109375
1 0.440625 0.49375 0.00625 0.0171875
4 0.5640625 0.4953125 0.0046875 0.0140625
4 0.63125 0.496875 0.0046875 0.0140625
0 0.5984375 0.5140625 0.009375 0.0515625
3 0.5640625 0.5203125 0.0140625 0.0625
0 0.4421875 0.528125 0.0171875 0.0859375
3 0.6328125 0.5296875 0.01875 0.08125
0 0.653125 0.5671875 0.040625 0.1890625
0 0.5 0.6140625 0.0578125 0.315625