1 0.3984375 0.4984375 0.0078125 0.021875
1 0.5 0.5 0.0078125 0.01875
1 0.540625 0.5015625 0.009375 0.025
1 0.6296875 0.5015625 0.003125 0.00625
1 0.6671875 0.5015625 0.0046875 0.0125
1 0.5796875 0.5015625 0.00625 0.0171875
4 0.590625 0.5046875 0.003125 0.0109375
4 0.3890625 0.5078125 0.015625 0.0578125
3 0.6234375 0.5125 0.0125 0.028125
0 0.63125 0.5125 0.00625 0.0296875
0 0.6671875 0.5125 0.009375 0.03125
3 0.590625 0.5203125 0.009375 0.040625
0 0.5796875 0.5234375 0.015625 0.0609375
0 0.540625 0.5328125 0.025 0.0875
0 0.5015625 0.5359375 0.015625 0.090625
3 0.390625 0.6421875 0.0734375 0.3328125