1 0.540625 0.490625 0.015625 0.046875
1 0.44375 0.4953125 0.003125 0.0078125
1 0.475 0.4953125 0.003125 0.0078125
1 0.38125 0.4953125 0.003125 0.0078125
1 0.4078125 0.496875 0.003125 0.009375
1 0.628125 0.496875 0.0046875 0.009375
1 0.5234375 0.496875 0.003125 0.00625
1 0.6546875 0.496875 0.003125 0.009375
4 0.5625 0.4984375 0.003125 0.0078125
4 0.59375 0.4984375 0.003125 0.0078125
4 0.3328125 0.4984375 0.003125 0.009375
0 0.4078125 0.5015625 0.009375 0.0203125
0 0.44375 0.5015625 0.0078125 0.01875
0 0.4765625 0.5015625 0.009375 0.01875
0 0.38125 0.5015625 0.009375 0.01875
3 0.3328125 0.503125 0.0109375 0.0203125
0 0.5234375 0.503125 0.00625 0.0203125
3 0.5625 0.5078125 0.009375 0.0296875
3 0.59375 0.5140625 0.0078125 0.0390625
0 0.6546875 0.5140625 0.009375 0.04375
0 0.628125 0.5171875 0.0125 0.0515625
0 0.5421875 0.5921875 0.046875 0.25