1 0.4109375 0.48125 0.040625 0.11875
1 0.325 0.4828125 0.01875 0.04375
1 0.5 0.484375 0.0125 0.028125
1 0.371875 0.4859375 0.00625 0.015625
1 0.5375 0.4859375 0.003125 0.0078125
1 0.5828125 0.4859375 0.0046875 0.0125
4 0.54375 0.4890625 0.0046875 0.0125
0 0.584375 0.5015625 0.0109375 0.04375
0 0.5375 0.50625 0.0078125 0.0484375
0 0.371875 0.51875 0.015625 0.0796875
3 0.54375 0.51875 0.015625 0.0703125
0 0.5015625 0.5453125 0.0296875 0.1546875
0 0.325 0.578125 0.0484375 0.2296875
0 0.4125 0.709375 0.11875 0.5734375