1 0.396875 0.5046875 0.0140625 0.0328125
1 0.6578125 0.50625 0.0046875 0.009375
1 0.684375 0.50625 0.00625 0.0125
1 0.8125 0.50625 0.00625 0.0109375
1 0.6078125 0.50625 0.0046875 0.009375
1 0.5953125 0.50625 0.003125 0.0078125
4 0.5546875 0.5078125 0.003125 0.0078125
4 0.853125 0.509375 0.00625 0.0171875
4 0.3296875 0.509375 0.0078125 0.0171875
0 0.5953125 0.5109375 0.009375 0.01875
0 0.6078125 0.5109375 0.009375 0.01875
3 0.5546875 0.5125 0.0078125 0.015625
0 0.6578125 0.5125 0.009375 0.0203125
0 0.6859375 0.5125 0.0125 0.0265625
0 0.8140625 0.5296875 0.0171875 0.05625
3 0.3296875 0.5421875 0.0203125 0.08125
3 0.8546875 0.5421875 0.028125 0.0828125
0 0.3984375 0.5734375 0.040625 0.178125