1 0.428125 0.5046875 0.00625 0.0125
1 0.4015625 0.5046875 0.0046875 0.0109375
1 0.51875 0.50625 0.003125 0.009375
1 0.7109375 0.50625 0.00625 0.0140625
1 0.3234375 0.50625 0.0046875 0.0109375
1 0.3375 0.50625 0.00625 0.0125
1 0.6546875 0.50625 0.009375 0.01875
4 0.55 0.50625 0.0046875 0.0125
4 0.25 0.50625 0.00625 0.0125
4 0.6109375 0.5078125 0.0046875 0.0125
0 0.3375 0.5125 0.0125 0.025
0 0.4 0.5125 0.0109375 0.0265625
0 0.3234375 0.5125 0.0109375 0.025
3 0.25 0.5125 0.015625 0.0234375
0 0.428125 0.5125 0.0125 0.0296875
0 0.5203125 0.525 0.009375 0.0453125
3 0.6109375 0.53125 0.0125 0.059375
3 0.5515625 0.5359375 0.015625 0.06875
0 0.709375 0.5359375 0.015625 0.075
0 0.6546875 0.5421875 0.0203125 0.090625