1 0.4765625 0.4890625 0.0078125 0.0203125
1 0.490625 0.4890625 0.00625 0.0140625
1 0.4125 0.490625 0.00625 0.0140625
1 0.728125 0.490625 0.009375 0.0203125
1 0.4359375 0.490625 0.0046875 0.0109375
4 0.378125 0.49375 0.003125 0.0125
4 0.6984375 0.496875 0.01875 0.05
0 0.4109375 0.5015625 0.015625 0.0359375
3 0.378125 0.5015625 0.0125 0.028125
0 0.4375 0.5140625 0.0109375 0.05625
0 0.490625 0.521875 0.0109375 0.0796875
0 0.73125 0.534375 0.021875 0.109375
0 0.4765625 0.534375 0.021875 0.1125
3 0.7015625 0.621875 0.0703125 0.2984375