1 0.4171875 0.4765625 0.00625 0.0140625
1 0.3953125 0.478125 0.003125 0.0078125
1 0.56875 0.478125 0.003125 0.0078125
1 0.61875 0.478125 0.003125 0.0078125
1 0.2171875 0.478125 0.0109375 0.0234375
1 0.4453125 0.478125 0.003125 0.00625
1 0.53125 0.478125 0.003125 0.00625
4 0.465625 0.4796875 0.0015625 0.00625
4 0.55 0.4796875 0.003125 0.00625
4 0.3828125 0.4796875 0.0046875 0.0125
4 0.3609375 0.4796875 0.003125 0.009375
0 0.53125 0.48125 0.00625 0.0140625
0 0.4453125 0.48125 0.00625 0.0125
0 0.3953125 0.48125 0.0078125 0.015625
0 0.56875 0.4828125 0.0078125 0.015625
3 0.55 0.4828125 0.00625 0.0125
3 0.465625 0.4828125 0.00625 0.0125
0 0.61875 0.4828125 0.009375 0.01875
3 0.3609375 0.4984375 0.009375 0.046875
3 0.3828125 0.5015625 0.0109375 0.0578125
0 0.4171875 0.509375 0.015625 0.0796875
0 0.2171875 0.521875 0.0328125 0.115625