1 0.415625 0.4765625 0.0125 0.034375
1 0.971875 0.4765625 0.0296875 0.0515625
1 0.775 0.478125 0.009375 0.0234375
1 0.121875 0.478125 0.01875 0.040625
1 0.8125 0.478125 0.0078125 0.01875
4 0.3828125 0.4796875 0.00625 0.0171875
4 0.3453125 0.4796875 0.00625 0.0171875
4 0.634375 0.48125 0.00625 0.01875
3 0.634375 0.515625 0.021875 0.0890625
0 0.8125 0.5171875 0.025 0.0921875
3 0.346875 0.5171875 0.021875 0.0921875
3 0.384375 0.521875 0.021875 0.1015625
0 0.775 0.521875 0.028125 0.1125
0 0.1234375 0.5515625 0.0640625 0.1875
0 0.41875 0.5515625 0.0390625 0.1859375
0 0.9609375 0.5765625 0.078125 0.2546875