0 0.265625 0.4453125 0.0265625 0.09375
0 0.390625 0.4859375 0.040625 0.125
0 0.4828125 0.5203125 0.0375 0.13125
0 0.5421875 0.5421875 0.0375 0.1328125
0 0.70625 0.59375 0.046875 0.134375
3 0.2890625 0.45 0.0296875 0.1171875
3 0.5953125 0.5578125 0.0375 0.1328125
1 0.2609375 0.40625 0.009375 0.0171875
1 0.390625 0.4359375 0.015625 0.025
1 0.48125 0.4671875 0.0140625 0.0265625
1 0.5421875 0.490625 0.0140625 0.0265625
1 0.709375 0.5421875 0.0140625 0.028125
4 0.596875 0.5046875 0.0125 0.021875
4 0.2828125 0.4015625 0.0109375 0.01875