0 0.0296875 0.4671875 0.0578125 0.128125
0 0.3140625 0.5109375 0.0484375 0.134375
0 0.428125 0.5421875 0.0421875 0.1234375
0 0.49375 0.55625 0.0390625 0.1125
0 0.625 0.5796875 0.034375 0.096875
3 0.140625 0.4609375 0.065625 0.1546875
3 0.546875 0.565625 0.034375 0.10625
4 0.1171875 0.3984375 0.01875 0.0296875
4 0.5453125 0.5234375 0.0109375 0.0203125
1 0.3078125 0.4609375 0.01875 0.03125
1 0.4265625 0.496875 0.015625 0.028125
1 0.4921875 0.5140625 0.0125 0.0265625
1 0.6234375 0.5453125 0.0109375 0.025