0 0.225 0.54375 0.0609375 0.20625
0 0.4375 0.5078125 0.040625 0.1546875
0 0.525 0.5015625 0.0328125 0.1328125
0 0.5765625 0.4953125 0.0296875 0.115625
0 0.671875 0.4890625 0.0296875 0.0953125
3 0.34375 0.5390625 0.046875 0.171875
3 0.61875 0.49375 0.0265625 0.1078125
1 0.2125 0.4609375 0.025 0.0375
1 0.4328125 0.446875 0.0171875 0.0265625
1 0.5234375 0.4484375 0.0125 0.0234375
1 0.575 0.4484375 0.0109375 0.021875
1 0.6734375 0.45 0.009375 0.0171875
4 0.340625 0.46875 0.015625 0.028125
4 0.6171875 0.45 0.009375 0.0171875