0 0.446875 0.6015625 0.0546875 0.1859375
0 0.6140625 0.5921875 0.040625 0.15625
0 0.678125 0.55 0.0390625 0.1078125
0 0.715625 0.5515625 0.0359375 0.121875
0 0.7765625 0.521875 0.0328125 0.0921875
3 0.5359375 0.6125 0.0453125 0.1609375
3 0.7453125 0.5390625 0.028125 0.1078125
1 0.440625 0.528125 0.021875 0.0390625
1 0.6109375 0.528125 0.0140625 0.0265625
1 0.6765625 0.509375 0.0140625 0.025
1 0.7140625 0.5 0.0140625 0.021875
1 0.775 0.4859375 0.0109375 0.01875
4 0.5296875 0.5484375 0.015625 0.0296875
4 0.7421875 0.49375 0.009375 0.0171875