0 0.121875 0.50625 0.096875 0.1984375
0 0.390625 0.559375 0.04375 0.1421875
0 0.4859375 0.571875 0.034375 0.1171875
0 0.5328125 0.5765625 0.03125 0.103125
0 0.609375 0.5765625 0.0265625 0.0859375
3 0.26875 0.54375 0.0625 0.16875
3 0.565625 0.5796875 0.0296875 0.096875
1 0.090625 0.4296875 0.0296875 0.0390625
1 0.384375 0.503125 0.0171875 0.0265625
1 0.484375 0.5265625 0.0140625 0.0234375
1 0.53125 0.5359375 0.0109375 0.021875
1 0.6109375 0.54375 0.009375 0.01875
4 0.565625 0.540625 0.009375 0.0171875
4 0.2546875 0.475 0.0171875 0.0296875