0 0.228125 0.54375 0.0578125 0.20625
0 0.4375 0.5078125 0.04375 0.1546875
0 0.525 0.5015625 0.0359375 0.1328125
0 0.5765625 0.4953125 0.03125 0.1171875
0 0.6734375 0.4859375 0.028125 0.0921875
3 0.34375 0.546875 0.0484375 0.1890625
3 0.61875 0.4921875 0.028125 0.1046875
4 0.3421875 0.46875 0.015625 0.028125
4 0.61875 0.45 0.009375 0.0171875
1 0.4359375 0.446875 0.015625 0.028125
1 0.525 0.4484375 0.0125 0.0265625
1 0.5765625 0.4484375 0.0125 0.021875
1 0.6734375 0.45 0.0109375 0.01875
1 0.2140625 0.4640625 0.025 0.04375