0 0.259375 0.55 0.075 0.215625
0 0.4796875 0.575 0.0390625 0.1515625
0 0.571875 0.5875 0.03125 0.121875
0 0.609375 0.596875 0.0296875 0.109375
0 0.6671875 0.575 0.0234375 0.06875
3 0.371875 0.559375 0.04375 0.171875
3 0.6375 0.5953125 0.0234375 0.0875
1 0.253125 0.465625 0.0234375 0.040625
1 0.478125 0.5140625 0.0140625 0.0265625
1 0.571875 0.5375 0.0125 0.0234375
1 0.6078125 0.553125 0.0109375 0.021875
1 0.6671875 0.5515625 0.009375 0.01875
4 0.36875 0.4890625 0.015625 0.0296875
4 0.6359375 0.5609375 0.0078125 0.0171875