0 0.2609375 0.40625 0.071875 0.1984375
0 0.4828125 0.4734375 0.0390625 0.128125
0 0.575 0.4984375 0.034375 0.1
0 0.6125 0.5140625 0.0296875 0.1
0 0.66875 0.534375 0.025 0.08125
3 0.6390625 0.528125 0.025 0.090625
3 0.375 0.440625 0.0515625 0.165625
1 0.2515625 0.3296875 0.025 0.04375
1 0.4796875 0.425 0.015625 0.0296875
1 0.5734375 0.4609375 0.0125 0.0234375
1 0.6109375 0.4765625 0.0109375 0.021875
1 0.66875 0.5046875 0.009375 0.0203125
4 0.3703125 0.3734375 0.015625 0.0296875
4 0.6375 0.4921875 0.0078125 0.0171875
4 0.60625 0.403125 0.203125 0.0875